ART      |AWT      |CS       |NOQTC    
   64.80 |  120.00 |    7.00 |    4.00
  151.15 |  269.45 |   15.00 |    7.00
  239.47 |  439.20 |   23.00 |   10.00
  312.93 |  475.02 |   28.00 |   10.00
  409.52 |  550.40 |   33.00 |   10.00
  501.73 |  628.83 |   38.00 |   11.00
  562.66 |  684.97 |   43.00 |   11.00
  646.33 |  761.55 |   48.00 |   11.00
  702.06 |  809.46 |   53.00 |   11.00
  754.50 |  860.86 |   58.00 |   11.00
  796.30 |  901.63 |   63.00 |   11.00
  865.21 |  968.38 |   68.00 |   11.00
  933.88 | 1037.72 |   73.00 |   11.00
 1003.97 | 1105.51 |   78.00 |   11.00
 1083.03 | 1180.76 |   83.00 |   11.00
 1167.90 | 1262.22 |   88.00 |   11.00
 1263.79 | 1356.49 |   93.00 |   11.00
 1329.61 | 1421.11 |   98.00 |   11.00
 1431.27 | 1519.85 |  103.00 |   11.00
 1526.81 | 1614.86 |  108.00 |   11.00
 1630.95 | 1717.38 |  113.00 |   11.00
 1696.71 | 1782.09 |  118.00 |   11.00
 1762.59 | 1846.59 |  123.00 |   11.00
 1866.96 | 1947.99 |  128.00 |   11.00
 1911.85 | 1991.18 |  133.00 |   11.00
 2032.24 | 2109.62 |  138.00 |   11.00
 2084.51 | 2161.22 |  143.00 |   11.00
 2168.84 | 2245.13 |  148.00 |   11.00
 2206.49 | 2281.67 |  153.00 |   11.00
 2295.24 | 2369.36 |  158.00 |   11.00
 2376.60 | 2449.40 |  163.00 |   11.00
 2471.04 | 2542.74 |  168.00 |   11.00
 2514.86 | 2586.62 |  173.00 |   11.00
 2600.52 | 2672.44 |  178.00 |   11.00
 2689.07 | 2759.81 |  183.00 |   11.00
 2752.36 | 2823.94 |  188.00 |   11.00
 2778.98 | 2850.60 |  193.00 |   11.00
 2870.01 | 2941.11 |  198.00 |   11.00
 2929.71 | 3000.68 |  203.00 |   11.00
 2995.09 | 3065.64 |  208.00 |   11.00
 3062.41 | 3132.99 |  213.00 |   11.00
 3083.25 | 3153.90 |  218.00 |   11.00
 3216.91 | 3285.91 |  223.00 |   11.00
 3301.72 | 3371.47 |  228.00 |   11.00
 3427.32 | 3496.10 |  233.00 |   11.00
 3499.57 | 3568.06 |  238.00 |   11.00
 3618.75 | 3686.35 |  243.00 |   11.00
 3698.69 | 3766.41 |  248.00 |   11.00
 3766.92 | 3834.84 |  253.00 |   11.00
 3821.03 | 3889.10 |  258.00 |   11.00
 3931.40 | 3999.20 |  263.00 |   11.00
 4030.95 | 4097.85 |  268.00 |   11.00
 4113.64 | 4180.07 |  273.00 |   11.00
 4202.69 | 4269.37 |  278.00 |   11.00
 4260.61 | 4327.43 |  283.00 |   11.00
 4378.61 | 4444.56 |  288.00 |   11.00
 4458.46 | 4524.75 |  293.00 |   11.00
 4613.36 | 4678.52 |  298.00 |   11.00
 4682.64 | 4747.32 |  303.00 |   11.00
 4819.04 | 4882.64 |  308.00 |   11.00
 4925.65 | 4989.00 |  313.00 |   11.00
 4973.49 | 5037.14 |  318.00 |   11.00
 5116.03 | 5178.67 |  323.00 |   11.00
 5205.00 | 5267.36 |  328.00 |   11.00
 5244.15 | 5307.08 |  333.00 |   11.00
 5368.35 | 5431.15 |  338.00 |   11.00
 5476.44 | 5539.40 |  343.00 |   11.00
 5538.51 | 5601.49 |  348.00 |   11.00
 5583.45 | 5646.84 |  353.00 |   11.00
 5651.08 | 5714.75 |  358.00 |   11.00
 5742.76 | 5805.56 |  363.00 |   11.00
 5815.44 | 5878.31 |  368.00 |   11.00
 5939.59 | 6002.10 |  373.00 |   11.00
 6050.19 | 6112.53 |  378.00 |   11.00
 6165.50 | 6227.60 |  383.00 |   11.00
 6293.48 | 6355.13 |  388.00 |   11.00
 6410.67 | 6471.95 |  393.00 |   11.00
 6483.50 | 6544.97 |  398.00 |   11.00
 6613.22 | 6674.03 |  403.00 |   11.00
 6669.57 | 6729.82 |  408.00 |   11.00
 6671.99 | 6732.25 |  413.00 |   11.00
 6744.64 | 6804.64 |  418.00 |   11.00
 6784.68 | 6844.92 |  423.00 |   11.00
 6879.83 | 6940.13 |  428.00 |   11.00
 7002.07 | 7061.84 |  433.00 |   11.00
 7129.73 | 7189.12 |  438.00 |   11.00
 7208.50 | 7267.48 |  443.00 |   11.00
 7343.84 | 7402.36 |  448.00 |   11.00
 7409.16 | 7467.90 |  453.00 |   11.00
 7530.79 | 7589.43 |  458.00 |   11.00
 7646.47 | 7704.75 |  463.00 |   11.00
 7697.28 | 7755.41 |  468.00 |   11.00
 7780.26 | 7838.15 |  473.00 |   11.00
 7878.29 | 7936.11 |  478.00 |   11.00
 7991.60 | 8049.31 |  483.00 |   11.00
 8037.77 | 8095.51 |  488.00 |   11.00
 8111.88 | 8169.72 |  493.00 |   11.00
 8167.01 | 8225.11 |  498.00 |   11.00
 8259.17 | 8316.78 |  503.00 |   11.00
 8319.91 | 8377.61 |  508.00 |   11.00
 8414.19 | 8471.59 |  513.00 |   11.00
 8477.27 | 8534.78 |  518.00 |   11.00
 8566.19 | 8623.43 |  523.00 |   11.00
 8648.68 | 8706.38 |  528.00 |   11.00
 8692.75 | 8750.71 |  533.00 |   11.00
 8832.81 | 8890.31 |  538.00 |   11.00
 8918.01 | 8975.78 |  543.00 |   11.00
 9002.61 | 9060.16 |  548.00 |   11.00
 9130.88 | 9187.99 |  553.00 |   11.00
 9196.16 | 9253.07 |  558.00 |   11.00
 9266.92 | 9323.49 |  563.00 |   11.00
 9323.90 | 9380.38 |  568.00 |   11.00
 9445.43 | 9501.66 |  573.00 |   11.00
 9513.09 | 9569.38 |  578.00 |   11.00
 9629.04 | 9685.05 |  583.00 |   11.00
 9714.56 | 9770.33 |  588.00 |   11.00
 9840.43 | 9895.97 |  593.00 |   11.00
 9944.39 | 9999.95 |  598.00 |   11.00
 9978.98 |10034.83 |  603.00 |   11.00
10060.97 |10116.67 |  608.00 |   11.00
10200.66 |10255.90 |  613.00 |   11.00
10292.09 |10347.58 |  618.00 |   11.00
10373.14 |10428.83 |  623.00 |   11.00
10472.39 |10527.70 |  628.00 |   11.00
10580.54 |10635.82 |  633.00 |   11.00
10639.22 |10694.58 |  638.00 |   11.00
10770.97 |10825.91 |  643.00 |   11.00
10864.75 |10919.64 |  648.00 |   11.00
10925.18 |10980.14 |  653.00 |   11.00
10990.60 |11045.73 |  658.00 |   11.00
11123.15 |11178.09 |  663.00 |   11.00
11212.67 |11267.42 |  668.00 |   11.00
11297.59 |11352.66 |  673.00 |   11.00
11391.46 |11446.46 |  678.00 |   11.00
11433.84 |11489.03 |  683.00 |   11.00
11501.83 |11557.13 |  688.00 |   11.00
11611.15 |11666.42 |  693.00 |   11.00
11679.05 |11734.41 |  698.00 |   11.00
11777.35 |11832.67 |  703.00 |   11.00
11846.95 |11902.31 |  708.00 |   11.00
11933.85 |11989.11 |  713.00 |   11.00
12000.03 |12055.25 |  718.00 |   11.00
12070.40 |12125.75 |  723.00 |   11.00
12185.98 |12241.06 |  728.00 |   11.00
12206.10 |12261.58 |  733.00 |   11.00
12309.11 |12364.60 |  738.00 |   11.00
12420.30 |12475.78 |  743.00 |   11.00
12501.04 |12556.42 |  748.00 |   11.00
12570.65 |12626.10 |  753.00 |   11.00
12655.51 |12711.10 |  758.00 |   11.00
12723.83 |12779.76 |  763.00 |   11.00
12827.93 |12883.66 |  768.00 |   11.00
12935.19 |12990.89 |  773.00 |   11.00
12977.30 |13033.01 |  778.00 |   11.00
13037.59 |13093.59 |  783.00 |   11.00
13138.09 |13193.89 |  788.00 |   11.00
13223.17 |13278.90 |  793.00 |   11.00
13318.38 |13374.14 |  798.00 |   11.00
13414.55 |13470.27 |  803.00 |   11.00
13507.00 |13562.87 |  808.00 |   11.00
13603.24 |13658.98 |  813.00 |   11.00
13699.69 |13755.46 |  818.00 |   11.00
13799.19 |13854.90 |  823.00 |   11.00
13879.23 |13934.78 |  828.00 |   11.00
13981.06 |14036.75 |  833.00 |   11.00
14125.56 |14180.92 |  838.00 |   11.00
14223.44 |14278.73 |  843.00 |   11.00
14365.91 |14420.87 |  848.00 |   11.00
14433.39 |14488.55 |  853.00 |   11.00
14521.31 |14576.62 |  858.00 |   11.00
14609.19 |14664.50 |  863.00 |   11.00
14647.35 |14703.07 |  868.00 |   11.00
14698.63 |14754.37 |  873.00 |   11.00
14777.23 |14833.06 |  878.00 |   11.00
14823.39 |14879.38 |  883.00 |   11.00
14853.30 |14909.49 |  888.00 |   11.00
14958.57 |15014.75 |  893.00 |   11.00
15038.31 |15094.56 |  898.00 |   11.00
15121.51 |15177.62 |  903.00 |   11.00
15204.68 |15260.88 |  908.00 |   11.00
15318.11 |15374.32 |  913.00 |   11.00
15366.00 |15422.49 |  918.00 |   11.00
15496.00 |15552.34 |  923.00 |   11.00
15603.36 |15659.44 |  928.00 |   11.00
15703.01 |15759.15 |  933.00 |   11.00
15787.14 |15843.32 |  938.00 |   11.00
15874.79 |15931.01 |  943.00 |   11.00
15951.32 |16007.55 |  948.00 |   11.00
15979.94 |16036.30 |  953.00 |   11.00
16051.81 |16108.12 |  958.00 |   11.00
16179.32 |16235.43 |  963.00 |   11.00
16271.81 |16327.95 |  968.00 |   11.00
16339.86 |16395.84 |  973.00 |   11.00
16409.47 |16465.53 |  978.00 |   11.00
16507.59 |16563.50 |  983.00 |   11.00
16613.28 |16669.22 |  988.00 |   11.00
16664.29 |16720.36 |  993.00 |   11.00
16731.02 |16787.32 |  998.00 |   11.00
16830.76 |16887.00 | 1003.00 |   11.00
16919.88 |16976.24 | 1008.00 |   11.00
