SIM. N|ART      |AWT      |CS       |NOQTC    
    0 |  135.60 |  135.60 |    5.00 |    2.00
    0 |  267.70 |  282.90 |   11.00 |    2.00
    0 |  480.47 |  492.27 |   16.00 |    2.00
    0 |  699.30 |  727.55 |   23.00 |    3.00
    0 |  959.56 |  996.00 |   29.00 |    3.00
    0 | 1217.83 | 1263.63 |   35.00 |    3.00
    0 | 1433.40 | 1498.71 |   41.00 |    3.00
    0 | 1678.08 | 1739.42 |   46.00 |    3.00
    0 | 1800.64 | 1897.36 |   53.00 |    3.00
    0 | 1999.94 | 2113.28 |   59.00 |    3.00
    0 | 2251.84 | 2404.49 |   66.00 |    3.00
    0 | 2481.12 | 2651.63 |   72.00 |    3.00
    0 | 2552.34 | 2766.34 |   79.00 |    3.00
    0 | 2604.64 | 2833.89 |   85.00 |    3.00
    0 | 2700.93 | 2977.73 |   92.00 |    3.00
    0 | 2902.69 | 3191.25 |   98.00 |    3.00
    0 | 3066.76 | 3403.72 |  105.00 |    3.00
    0 | 3247.58 | 3640.22 |  112.00 |    3.00
    0 | 3482.77 | 3830.31 |  116.00 |    3.00
    0 | 3726.23 | 4094.42 |  122.00 |    3.00
    0 | 3919.62 | 4270.39 |  127.00 |    3.00
    0 | 4142.93 | 4511.94 |  133.00 |    3.00
    0 | 4195.96 | 4609.37 |  140.00 |    3.00
    0 | 4377.45 | 4806.51 |  146.00 |    3.00
    0 | 4603.28 | 5020.59 |  151.00 |    3.00
    0 | 4775.88 | 5209.35 |  157.00 |    3.00
    0 | 4983.96 | 5436.16 |  163.00 |    3.00
    0 | 5146.50 | 5622.38 |  169.00 |    3.00
    0 | 5066.35 | 5749.15 |  181.00 |    3.00
    0 | 5103.35 | 5799.28 |  187.00 |    3.00
    0 | 5393.54 | 6069.65 |  192.00 |    3.00
    0 | 5583.81 | 6274.46 |  198.00 |    3.00
    0 | 5703.91 | 6409.53 |  204.00 |    3.00
    0 | 5868.69 | 6591.21 |  210.00 |    3.00
    0 | 6039.33 | 6743.19 |  215.00 |    3.00
    0 | 6249.44 | 6970.26 |  221.00 |    3.00
    0 | 6446.71 | 7186.26 |  227.00 |    3.00
    0 | 6612.62 | 7404.14 |  234.00 |    3.00
    0 | 6750.41 | 7555.86 |  240.00 |    3.00
    0 | 6868.86 | 7726.41 |  247.00 |    3.00
    0 | 7079.01 | 7953.59 |  253.00 |    3.00
    0 | 7198.69 | 8053.33 |  258.00 |    3.00
    0 | 7292.23 | 8162.48 |  264.00 |    3.00
    0 | 7463.25 | 8384.68 |  271.00 |    3.00
    0 | 7705.92 | 8644.97 |  277.00 |    3.00
    0 | 7950.03 | 8910.76 |  283.00 |    3.00
    0 | 8043.38 | 9018.38 |  289.00 |    3.00
    0 | 8161.96 | 9185.68 |  296.00 |    3.00
    0 | 8345.80 | 9425.38 |  303.00 |    3.00
    0 | 8522.84 | 9619.69 |  309.00 |    3.00
    0 | 8655.56 | 9769.49 |  315.00 |    3.00
    0 | 8742.87 | 9836.94 |  320.00 |    3.00
    0 | 8896.63 |10042.86 |  327.00 |    3.00
    0 | 9026.86 |10226.11 |  334.00 |    3.00
    0 | 9109.41 |10288.17 |  339.00 |    3.00
    0 | 9166.13 |10358.29 |  345.00 |    3.00
    0 | 9437.14 |10645.02 |  351.00 |    3.00
    0 | 9531.38 |10757.43 |  357.00 |    3.00
    0 | 9688.87 |10973.51 |  364.00 |    3.00
    0 | 9733.57 |11106.50 |  372.00 |    3.00
    0 | 9964.90 |11356.70 |  378.00 |    3.00
    0 |10081.71 |11525.80 |  385.00 |    3.00
    0 |10196.59 |11658.49 |  391.00 |    3.00
    0 |10342.28 |11859.29 |  398.00 |    3.00
    0 |10501.59 |12036.57 |  404.00 |    3.00
    0 |10599.39 |12180.93 |  411.00 |    3.00
    0 |10722.13 |12281.29 |  416.00 |    3.00
    0 |10921.68 |12497.12 |  422.00 |    3.00
    0 |11111.89 |12700.52 |  428.00 |    3.00
    0 |11245.94 |12812.74 |  433.00 |    3.00
    0 |11393.30 |12976.14 |  439.00 |    3.00
    0 |11448.00 |13110.80 |  447.00 |    3.00
    0 |11648.69 |13289.92 |  452.00 |    3.00
    0 |11893.76 |13453.05 |  455.00 |    3.00
    0 |12053.12 |13628.75 |  461.00 |    3.00
    0 |12250.54 |13806.34 |  466.00 |    3.00
    0 |12464.70 |14071.75 |  473.00 |    3.00
    0 |12695.01 |14356.06 |  480.00 |    3.00
    0 |12961.25 |14612.79 |  485.00 |    3.00
    0 |13161.75 |14904.41 |  493.00 |    3.00
    0 |13298.85 |15057.78 |  499.00 |    3.00
    0 |13488.01 |15263.17 |  505.00 |    3.00
    0 |13646.04 |15400.72 |  510.00 |    3.00
    0 |13808.89 |15543.58 |  515.00 |    3.00
    0 |14000.52 |15784.70 |  522.00 |    3.00
    0 |14173.01 |16011.26 |  529.00 |    3.00
    0 |14247.02 |16101.02 |  535.00 |    3.00
    0 |14467.00 |16338.51 |  541.00 |    3.00
    0 |14573.17 |16495.56 |  548.00 |    3.00
    0 |14866.84 |16808.50 |  554.00 |    3.00
    0 |14974.43 |16928.62 |  560.00 |    3.00
    0 |15113.13 |17081.08 |  566.00 |    3.00
    0 |15276.65 |17258.10 |  572.00 |    3.00
    0 |15553.52 |17554.64 |  578.00 |    3.00
    0 |15718.17 |17698.57 |  583.00 |    3.00
    0 |15853.94 |17884.62 |  590.00 |    3.00
    0 |16074.91 |18089.09 |  595.00 |    3.00
    0 |16257.61 |18289.19 |  601.00 |    3.00
    0 |16394.36 |18474.46 |  608.00 |    3.00
    0 |16457.62 |18550.89 |  614.00 |    3.00
    1 |  179.60 |  179.60 |    4.00 |    1.00
    1 |  455.90 |  455.90 |    9.00 |    1.00
    1 |  833.33 |  833.33 |   15.00 |    3.00
    1 | 1137.90 | 1137.90 |   20.00 |    3.00
    1 | 1382.36 | 1382.36 |   25.00 |    3.00
    1 | 1622.90 | 1629.13 |   31.00 |    3.00
    1 | 1871.37 | 1902.69 |   38.00 |    3.00
    1 | 2033.78 | 2061.18 |   43.00 |    3.00
    1 | 2156.62 | 2212.71 |   50.00 |    3.00
    1 | 2321.92 | 2372.40 |   55.00 |    3.00
    1 | 2469.89 | 2515.78 |   60.00 |    3.00
    1 | 2639.73 | 2739.37 |   68.00 |    3.00
    1 | 2840.55 | 2959.43 |   74.00 |    3.00
    1 | 3013.34 | 3168.20 |   81.00 |    3.00
    1 | 3120.92 | 3314.21 |   88.00 |    3.00
    1 | 3303.28 | 3549.91 |   95.00 |    3.00
    1 | 3444.34 | 3676.47 |  100.00 |    3.00
    1 | 3644.63 | 3891.87 |  106.00 |    3.00
    1 | 3683.89 | 3974.94 |  113.00 |    3.00
    1 | 3798.23 | 4107.59 |  119.00 |    3.00
    1 | 4008.10 | 4369.36 |  126.00 |    3.00
    1 | 4106.01 | 4485.76 |  132.00 |    3.00
    1 | 4288.62 | 4680.86 |  138.00 |    3.00
    1 | 4465.81 | 4949.95 |  146.00 |    3.00
    1 | 4720.69 | 5126.30 |  149.00 |    3.00
    1 | 4929.23 | 5350.02 |  155.00 |    3.00
    1 | 5114.32 | 5587.66 |  162.00 |    3.00
    1 | 5347.42 | 5803.86 |  167.00 |    3.00
    1 | 5469.19 | 5973.63 |  174.00 |    3.00
    1 | 5603.63 | 6123.56 |  180.00 |    3.00
    1 | 5786.15 | 6355.10 |  187.00 |    3.00
    1 | 5988.28 | 6549.06 |  192.00 |    3.00
    1 | 6173.61 | 6784.36 |  199.00 |    3.00
    1 | 6428.51 | 6999.89 |  203.00 |    3.00
    1 | 6663.77 | 7258.53 |  209.00 |    3.00
    1 | 6923.17 | 7602.96 |  217.00 |    3.00
    1 | 7076.36 | 7812.93 |  224.00 |    3.00
    1 | 7299.91 | 8091.26 |  231.00 |    3.00
    1 | 7533.41 | 8341.08 |  237.00 |    3.00
    1 | 7788.02 | 8579.10 |  242.00 |    3.00
    1 | 8036.34 | 8813.78 |  247.00 |    3.00
    1 | 8209.58 | 9004.50 |  253.00 |    3.00
    1 | 8448.50 | 9332.57 |  261.00 |    3.00
    1 | 8682.84 | 9517.15 |  265.00 |    3.00
    1 | 8814.54 | 9697.06 |  272.00 |    3.00
    1 | 8987.93 | 9851.26 |  277.00 |    3.00
    1 | 9210.17 |10091.56 |  283.00 |    3.00
    1 | 9427.30 |10260.06 |  287.00 |    3.00
    1 | 9687.02 |10571.99 |  294.00 |    3.00
    1 | 9952.47 |10889.31 |  301.00 |    3.00
    1 |10118.50 |11073.68 |  307.00 |    3.00
    1 |10245.92 |11253.87 |  314.00 |    3.00
    1 |10322.86 |11349.55 |  320.00 |    3.00
    1 |10438.87 |11516.53 |  327.00 |    3.00
    1 |10659.93 |11795.61 |  334.00 |    3.00
    1 |10638.97 |11896.25 |  343.00 |    3.00
    1 |10954.23 |12122.12 |  346.00 |    3.00
    1 |10990.79 |12279.99 |  355.00 |    3.00
    1 |11047.42 |12423.78 |  363.00 |    3.00
    1 |11137.97 |12529.24 |  369.00 |    3.00
    1 |11396.37 |12764.84 |  374.00 |    3.00
    1 |11560.27 |12906.67 |  379.00 |    3.00
    1 |11796.16 |13200.00 |  386.00 |    3.00
    1 |12039.46 |13433.57 |  391.00 |    3.00
    1 |12117.29 |13637.88 |  400.00 |    3.00
    1 |12205.69 |13743.88 |  406.00 |    3.00
    1 |12221.63 |13812.89 |  413.00 |    3.00
    1 |12458.05 |14025.91 |  418.00 |    3.00
    1 |12730.87 |14362.28 |  425.00 |    3.00
    1 |12905.64 |14592.63 |  432.00 |    3.00
    1 |12953.59 |14654.68 |  438.00 |    3.00
    1 |13186.44 |14989.57 |  446.00 |    3.00
    1 |13300.40 |15159.10 |  453.00 |    3.00
    1 |13494.84 |15366.91 |  459.00 |    3.00
    1 |13700.97 |15548.07 |  464.00 |    3.00
    1 |13886.66 |15830.94 |  472.00 |    3.00
    1 |14107.17 |16001.23 |  476.00 |    3.00
    1 |14289.81 |16284.35 |  484.00 |    3.00
    1 |14544.19 |16555.26 |  490.00 |    3.00
    1 |14753.64 |16780.79 |  496.00 |    3.00
    1 |15012.33 |16910.08 |  498.00 |    3.00
    1 |15060.92 |17124.71 |  508.00 |    3.00
    1 |15233.55 |17313.94 |  514.00 |    3.00
    1 |15461.96 |17517.58 |  519.00 |    3.00
    1 |15667.80 |17781.44 |  526.00 |    3.00
    1 |15969.08 |17948.53 |  528.00 |    3.00
    1 |16032.08 |18218.19 |  539.00 |    3.00
    1 |16382.30 |18436.95 |  541.00 |    3.00
    1 |16627.88 |18697.25 |  547.00 |    3.00
    1 |16904.72 |18994.95 |  553.00 |    3.00
    1 |17100.18 |19208.44 |  559.00 |    3.00
    1 |17323.36 |19450.26 |  565.00 |    3.00
    1 |17491.47 |19635.69 |  571.00 |    3.00
    1 |17584.78 |19743.29 |  577.00 |    3.00
    1 |17807.91 |19943.70 |  582.00 |    3.00
    1 |18017.97 |20131.51 |  587.00 |    3.00
    1 |18217.30 |20349.52 |  593.00 |    3.00
    1 |18335.40 |20485.69 |  599.00 |    3.00
    1 |18593.23 |20800.62 |  606.00 |    3.00
    1 |18733.21 |20955.69 |  612.00 |    3.00
    2 |  107.20 |  142.60 |    6.00 |    2.00
    2 |  197.90 |  215.60 |   11.00 |    2.00
    2 |  412.40 |  475.13 |   18.00 |    2.00
    2 |  658.80 |  710.45 |   24.00 |    3.00
    2 |  867.88 |  945.20 |   31.00 |    3.00
    2 | 1019.50 | 1122.70 |   37.00 |    3.00
    2 | 1207.31 | 1354.31 |   44.00 |    3.00
    2 | 1359.80 | 1542.12 |   51.00 |    3.00
    2 | 1516.47 | 1752.67 |   58.00 |    3.00
    2 | 1688.34 | 1942.56 |   64.00 |    3.00
    2 | 1858.24 | 2095.82 |   69.00 |    3.00
    2 | 1964.40 | 2193.05 |   74.00 |    3.00
    2 | 2133.83 | 2409.18 |   81.00 |    3.00
    2 | 2309.80 | 2635.07 |   88.00 |    3.00
    2 | 2519.13 | 2858.16 |   94.00 |    3.00
    2 | 2699.76 | 3085.05 |  101.00 |    3.00
    2 | 2898.20 | 3293.98 |  107.00 |    3.00
    2 | 3089.43 | 3505.79 |  113.00 |    3.00
    2 | 3169.41 | 3597.66 |  119.00 |    3.00
    2 | 3405.96 | 3849.86 |  125.00 |    3.00
    2 | 3589.10 | 4046.86 |  131.00 |    3.00
    2 | 3696.72 | 4172.83 |  137.00 |    3.00
    2 | 3841.29 | 4332.38 |  143.00 |    3.00
    2 | 3980.80 | 4525.86 |  150.00 |    3.00
    2 | 4181.71 | 4740.78 |  156.00 |    3.00
    2 | 4310.38 | 4926.86 |  163.00 |    3.00
    2 | 4419.70 | 5053.74 |  169.00 |    3.00
    2 | 4508.45 | 5157.87 |  175.00 |    3.00
    2 | 4697.41 | 5362.59 |  181.00 |    3.00
    2 | 4841.75 | 5521.13 |  187.00 |    3.00
    2 | 5029.82 | 5726.78 |  193.00 |    3.00
    2 | 5262.51 | 6049.36 |  201.00 |    3.00
    2 | 5390.18 | 6194.54 |  207.00 |    3.00
    2 | 5474.42 | 6293.49 |  213.00 |    3.00
    2 | 5564.90 | 6400.02 |  219.00 |    3.00
    2 | 5807.12 | 6656.67 |  225.00 |    3.00
    2 | 6063.81 | 6971.22 |  232.00 |    3.00
    2 | 6274.09 | 7195.76 |  238.00 |    3.00
    2 | 6463.35 | 7401.18 |  244.00 |    3.00
    2 | 6561.71 | 7555.03 |  251.00 |    3.00
    2 | 6704.22 | 7751.89 |  258.00 |    3.00
    2 | 6852.79 | 7877.96 |  263.00 |    3.00
    2 | 7035.98 | 8079.30 |  269.00 |    3.00
    2 | 7224.06 | 8244.22 |  274.00 |    3.00
    2 | 7327.52 | 8433.85 |  282.00 |    3.00
    2 | 7551.68 | 8637.58 |  287.00 |    3.00
    2 | 7663.19 | 8799.06 |  294.00 |    3.00
    2 | 7758.25 | 8912.09 |  300.00 |    3.00
    2 | 7893.38 | 9064.46 |  306.00 |    3.00
    2 | 8088.02 | 9275.88 |  312.00 |    3.00
    2 | 8240.61 | 9447.42 |  318.00 |    3.00
    2 | 8254.78 | 9479.77 |  324.00 |    3.00
    2 | 8454.11 | 9692.70 |  330.00 |    3.00
    2 | 8579.66 | 9796.98 |  335.00 |    3.00
    2 | 8768.43 |10079.27 |  343.00 |    3.00
    2 | 8877.04 |10166.12 |  348.00 |    3.00
    2 | 9118.69 |10420.95 |  354.00 |    3.00
    2 | 9298.21 |10691.19 |  362.00 |    3.00
    2 | 9404.82 |10774.35 |  367.00 |    3.00
    2 | 9492.19 |10839.02 |  372.00 |    3.00
    2 | 9573.22 |10899.83 |  377.00 |    3.00
    2 | 9766.28 |11071.59 |  382.00 |    3.00
    2 | 9846.14 |11167.51 |  388.00 |    3.00
    2 |10030.67 |11370.68 |  394.00 |    3.00
    2 |10215.50 |11639.66 |  402.00 |    3.00
    2 |10410.15 |11888.99 |  409.00 |    3.00
    2 |10659.46 |12157.82 |  415.00 |    3.00
    2 |10717.51 |12267.04 |  422.00 |    3.00
    2 |10842.46 |12371.10 |  427.00 |    3.00
    2 |11109.15 |12659.83 |  433.00 |    3.00
    2 |11118.09 |12719.99 |  440.00 |    3.00
    2 |11257.08 |12873.40 |  446.00 |    3.00
    2 |11427.50 |13101.46 |  453.00 |    3.00
    2 |11584.06 |13269.45 |  459.00 |    3.00
    2 |11673.55 |13411.91 |  466.00 |    3.00
    2 |11826.63 |13620.47 |  473.00 |    3.00
    2 |11993.89 |13845.66 |  480.00 |    3.00
    2 |12226.85 |14027.76 |  484.00 |    3.00
    2 |12456.52 |14355.95 |  492.00 |    3.00
    2 |12656.90 |14615.98 |  499.00 |    3.00
    2 |12814.61 |14786.08 |  505.00 |    3.00
    2 |13007.28 |14996.15 |  511.00 |    3.00
    2 |13178.20 |15184.39 |  517.00 |    3.00
    2 |13204.69 |15222.20 |  523.00 |    3.00
    2 |13455.14 |15454.44 |  528.00 |    3.00
    2 |13516.65 |15527.82 |  534.00 |    3.00
    2 |13702.23 |15726.50 |  540.00 |    3.00
    2 |13846.56 |15884.32 |  546.00 |    3.00
    2 |14002.27 |16057.48 |  552.00 |    3.00
    2 |14131.78 |16244.70 |  559.00 |    3.00
    2 |14400.92 |16536.02 |  565.00 |    3.00
    2 |14618.88 |16805.44 |  572.00 |    3.00
    2 |14763.54 |16968.05 |  578.00 |    3.00
    2 |14924.32 |17182.60 |  585.00 |    3.00
    2 |15071.95 |17380.86 |  592.00 |    3.00
    2 |15154.93 |17482.09 |  598.00 |    3.00
    2 |15359.90 |17699.78 |  604.00 |    3.00
    2 |15495.69 |17812.86 |  609.00 |    3.00
    2 |15645.27 |17940.18 |  614.00 |    3.00
    2 |15849.72 |18273.68 |  623.00 |    3.00
    3 |   72.20 |   72.20 |    5.00 |    2.00
    3 |  149.00 |  184.10 |   13.00 |    3.00
    3 |  272.53 |  322.47 |   18.00 |    2.00
    3 |  505.75 |  554.15 |   25.00 |    3.00
    3 |  692.84 |  756.80 |   31.00 |    3.00
    3 |  860.47 |  965.60 |   38.00 |    3.00
    3 |  952.11 | 1091.89 |   45.00 |    3.00
    3 | 1135.15 | 1299.38 |   51.00 |    3.00
    3 | 1273.49 | 1456.04 |   57.00 |    3.00
    3 | 1500.60 | 1729.50 |   64.00 |    3.00
    3 | 1645.38 | 1887.49 |   70.00 |    3.00
    3 | 1884.48 | 2082.73 |   74.00 |    3.00
    3 | 2043.86 | 2285.45 |   81.00 |    3.00
    3 | 2195.41 | 2454.34 |   87.00 |    3.00
    3 | 2274.43 | 2579.77 |   94.00 |    3.00
    3 | 2318.88 | 2611.01 |   99.00 |    3.00
    3 | 2484.32 | 2763.22 |  104.00 |    3.00
    3 | 2718.39 | 3073.41 |  112.00 |    3.00
    3 | 2902.82 | 3273.69 |  118.00 |    3.00
    3 | 3134.28 | 3554.90 |  125.00 |    3.00
    3 | 3259.05 | 3698.06 |  131.00 |    3.00
    3 | 3501.19 | 3928.57 |  136.00 |    3.00
    3 | 3689.92 | 4169.58 |  143.00 |    3.00
    3 | 3882.32 | 4384.07 |  149.00 |    3.00
    3 | 4068.64 | 4623.86 |  156.00 |    3.00
    3 | 4266.97 | 4837.78 |  162.00 |    3.00
    3 | 4487.53 | 5013.16 |  166.00 |    3.00
    3 | 4481.69 | 5120.92 |  175.00 |    3.00
    3 | 4604.70 | 5330.19 |  183.00 |    3.00
    3 | 4700.61 | 5445.09 |  189.00 |    3.00
    3 | 4826.90 | 5588.46 |  195.00 |    3.00
    3 | 4986.44 | 5760.71 |  201.00 |    3.00
    3 | 5024.73 | 5849.87 |  208.00 |    3.00
    3 | 5212.10 | 6092.44 |  215.00 |    3.00
    3 | 5463.07 | 6322.63 |  220.00 |    3.00
    3 | 5597.96 | 6475.27 |  226.00 |    3.00
    3 | 5659.96 | 6549.52 |  232.00 |    3.00
    3 | 5891.95 | 6841.34 |  239.00 |    3.00
    3 | 6092.35 | 7058.73 |  245.00 |    3.00
    3 | 6224.95 | 7204.74 |  251.00 |    3.00
    3 | 6383.90 | 7376.65 |  257.00 |    3.00
    3 | 6506.56 | 7553.90 |  264.00 |    3.00
    3 | 6710.65 | 7812.81 |  271.00 |    3.00
    3 | 6707.25 | 7820.78 |  277.00 |    3.00
    3 | 6893.68 | 8020.57 |  283.00 |    3.00
    3 | 7020.31 | 8205.68 |  290.00 |    3.00
    3 | 7259.82 | 8463.78 |  296.00 |    3.00
    3 | 7450.28 | 8711.65 |  303.00 |    3.00
    3 | 7647.67 | 8884.46 |  308.00 |    3.00
    3 | 7741.81 | 8995.22 |  314.00 |    3.00
    3 | 7893.51 | 9163.99 |  320.00 |    3.00
    3 | 7997.43 | 9315.43 |  327.00 |    3.00
    3 | 8261.27 | 9558.05 |  332.00 |    3.00
    3 | 8360.87 | 9672.51 |  338.00 |    3.00
    3 | 8545.01 | 9908.88 |  345.00 |    3.00
    3 | 8739.99 |10119.26 |  351.00 |    3.00
    3 | 8869.52 |10264.01 |  357.00 |    3.00
    3 | 9081.50 |10487.62 |  363.00 |    3.00
    3 | 9311.19 |10732.43 |  369.00 |    3.00
    3 | 9393.08 |10791.99 |  374.00 |    3.00
    3 | 9566.47 |11059.04 |  382.00 |    3.00
    3 | 9698.05 |11244.56 |  389.00 |    3.00
    3 | 9866.95 |11389.25 |  394.00 |    3.00
    3 | 9980.51 |11518.34 |  400.00 |    3.00
    3 |10143.86 |11734.53 |  407.00 |    3.00
    3 |10236.66 |11843.66 |  413.00 |    3.00
    3 |10418.44 |12042.85 |  419.00 |    3.00
    3 |10624.63 |12266.06 |  425.00 |    3.00
    3 |10764.97 |12383.92 |  430.00 |    3.00
    3 |10789.27 |12420.56 |  436.00 |    3.00
    3 |11058.54 |12746.09 |  443.00 |    3.00
    3 |11237.17 |12901.96 |  448.00 |    3.00
    3 |11453.86 |13133.82 |  454.00 |    3.00
    3 |11598.54 |13256.79 |  459.00 |    3.00
    3 |11776.23 |13490.96 |  466.00 |    3.00
    3 |11961.52 |13690.52 |  472.00 |    3.00
    3 |12021.89 |13762.90 |  478.00 |    3.00
    3 |12215.77 |13975.72 |  484.00 |    3.00
    3 |12392.84 |14170.04 |  490.00 |    3.00
    3 |12550.10 |14380.06 |  497.00 |    3.00
    3 |12706.54 |14549.78 |  503.00 |    3.00
    3 |12816.18 |14708.94 |  510.00 |    3.00
    3 |12993.27 |14902.78 |  516.00 |    3.00
    3 |13092.68 |15052.70 |  523.00 |    3.00
    3 |13264.79 |15202.32 |  528.00 |    3.00
    3 |13471.56 |15387.14 |  533.00 |    3.00
    3 |13610.56 |15539.97 |  539.00 |    3.00
    3 |13787.58 |15733.37 |  545.00 |    3.00
    3 |14017.07 |15984.14 |  551.00 |    3.00
    3 |14141.31 |16161.35 |  558.00 |    3.00
    3 |14263.47 |16295.96 |  564.00 |    3.00
    3 |14359.44 |16371.00 |  569.00 |    3.00
    3 |14589.81 |16656.06 |  576.00 |    3.00
    3 |14802.37 |16851.05 |  581.00 |    3.00
    3 |15043.14 |17220.84 |  590.00 |    3.00
    3 |15185.01 |17378.27 |  596.00 |    3.00
    3 |15386.64 |17558.00 |  601.00 |    3.00
    3 |15595.32 |17744.94 |  606.00 |    3.00
    3 |15839.16 |18001.25 |  612.00 |    3.00
    3 |16044.12 |18264.75 |  619.00 |    3.00
    4 |   59.60 |   98.20 |    6.00 |    2.00
    4 |  338.20 |  368.30 |   11.00 |    2.00
    4 |  564.87 |  606.93 |   18.00 |    3.00
    4 |  769.70 |  828.55 |   24.00 |    3.00
    4 | 1041.92 | 1097.16 |   29.00 |    3.00
    4 | 1266.33 | 1362.40 |   36.00 |    3.00
    4 | 1393.71 | 1536.60 |   43.00 |    3.00
    4 | 1438.60 | 1632.12 |   50.00 |    3.00
    4 | 1692.91 | 1864.93 |   55.00 |    3.00
    4 | 1867.50 | 2053.38 |   61.00 |    3.00
    4 | 2013.62 | 2188.35 |   66.00 |    3.00
    4 | 2157.35 | 2320.38 |   71.00 |    3.00
    4 | 2311.15 | 2489.03 |   77.00 |    3.00
    4 | 2414.06 | 2661.71 |   85.00 |    3.00
    4 | 2593.16 | 2838.55 |   90.00 |    3.00
    4 | 2808.61 | 3069.30 |   96.00 |    3.00
    4 | 3066.16 | 3340.33 |  102.00 |    3.00
    4 | 3245.82 | 3568.09 |  109.00 |    3.00
    4 | 3466.13 | 3778.27 |  114.00 |    3.00
    4 | 3598.36 | 3959.67 |  121.00 |    3.00
    4 | 3715.66 | 4091.87 |  127.00 |    3.00
    4 | 3908.09 | 4271.42 |  132.00 |    3.00
    4 | 3971.23 | 4323.31 |  137.00 |    3.00
    4 | 4141.96 | 4511.33 |  143.00 |    3.00
    4 | 4315.50 | 4699.20 |  149.00 |    3.00
    4 | 4593.45 | 4992.71 |  155.00 |    3.00
    4 | 4740.63 | 5156.02 |  161.00 |    3.00
    4 | 4884.24 | 5343.76 |  168.00 |    3.00
    4 | 5085.04 | 5534.57 |  173.00 |    3.00
    4 | 5251.88 | 5748.53 |  180.00 |    3.00
    4 | 5372.77 | 5951.34 |  188.00 |    3.00
    4 | 5540.71 | 6172.81 |  195.00 |    3.00
    4 | 5704.39 | 6317.33 |  200.00 |    3.00
    4 | 5824.36 | 6451.54 |  206.00 |    3.00
    4 | 5866.09 | 6541.59 |  213.00 |    3.00
    4 | 6116.50 | 6777.24 |  218.00 |    3.00
    4 | 6226.82 | 6933.97 |  225.00 |    3.00
    4 | 6292.25 | 7013.63 |  231.00 |    3.00
    4 | 6376.61 | 7112.01 |  237.00 |    3.00
    4 | 6614.18 | 7404.26 |  244.00 |    3.00
    4 | 6762.24 | 7603.00 |  251.00 |    3.00
    4 | 6898.82 | 7752.59 |  257.00 |    3.00
    4 | 7040.21 | 7942.31 |  264.00 |    3.00
    4 | 7078.53 | 8061.88 |  272.00 |    3.00
    4 | 7192.66 | 8195.12 |  278.00 |    3.00
    4 | 7333.21 | 8425.21 |  286.00 |    3.00
    4 | 7546.47 | 8662.38 |  292.00 |    3.00
    4 | 7630.98 | 8798.85 |  299.00 |    3.00
    4 | 7760.27 | 8944.21 |  305.00 |    3.00
    4 | 7918.94 | 9118.02 |  311.00 |    3.00
    4 | 8025.44 | 9242.47 |  317.00 |    3.00
    4 | 8130.52 | 9363.83 |  323.00 |    3.00
    4 | 8179.22 | 9537.70 |  332.00 |    3.00
    4 | 8272.14 | 9648.13 |  338.00 |    3.00
    4 | 8373.81 | 9767.28 |  344.00 |    3.00
    4 | 8513.95 | 9966.19 |  351.00 |    3.00
    4 | 8675.94 |10143.72 |  357.00 |    3.00
    4 | 8960.17 |10372.36 |  361.00 |    3.00
    4 | 9189.58 |10618.99 |  367.00 |    3.00
    4 | 9310.90 |10757.84 |  373.00 |    3.00
    4 | 9492.90 |10997.51 |  380.00 |    3.00
    4 | 9575.81 |11098.78 |  386.00 |    3.00
    4 | 9765.77 |11342.44 |  393.00 |    3.00
    4 | 9983.40 |11624.12 |  400.00 |    3.00
    4 |10273.92 |11945.03 |  406.00 |    3.00
    4 |10383.23 |12156.59 |  414.00 |    3.00
    4 |10562.80 |12310.25 |  419.00 |    3.00
    4 |10763.96 |12530.22 |  425.00 |    3.00
    4 |10897.53 |12679.01 |  431.00 |    3.00
    4 |11175.83 |12939.60 |  436.00 |    3.00
    4 |11349.47 |13131.09 |  442.00 |    3.00
    4 |11508.48 |13306.49 |  448.00 |    3.00
    4 |11671.56 |13525.73 |  455.00 |    3.00
    4 |11859.06 |13766.91 |  462.00 |    3.00
    4 |12063.20 |14028.36 |  469.00 |    3.00
    4 |12200.09 |14139.83 |  474.00 |    3.00
    4 |12405.37 |14361.43 |  480.00 |    3.00
    4 |12571.08 |14583.10 |  487.00 |    3.00
    4 |12805.62 |14763.20 |  491.00 |    3.00
    4 |12988.41 |14963.50 |  497.00 |    3.00
    4 |13274.59 |15225.30 |  502.00 |    3.00
    4 |13369.71 |15297.20 |  507.00 |    3.00
    4 |13548.19 |15488.91 |  513.00 |    3.00
    4 |13735.13 |15772.75 |  521.00 |    3.00
    4 |13891.51 |15946.42 |  527.00 |    3.00
    4 |14078.61 |16188.91 |  534.00 |    3.00
    4 |14279.87 |16449.00 |  541.00 |    3.00
    4 |14477.25 |16705.49 |  548.00 |    3.00
    4 |14735.80 |17066.31 |  556.00 |    3.00
    4 |14833.48 |17181.45 |  562.00 |    3.00
    4 |15098.29 |17434.57 |  567.00 |    3.00
    4 |15176.71 |17642.12 |  576.00 |    3.00
    4 |15240.10 |17679.67 |  581.00 |    3.00
    4 |15236.51 |17688.36 |  587.00 |    3.00
    4 |15369.66 |17879.72 |  594.00 |    3.00
    4 |15559.45 |18084.13 |  600.00 |    3.00
    4 |15776.07 |18274.91 |  605.00 |    3.00
    4 |15807.90 |18282.13 |  610.00 |    3.00
    4 |16061.78 |18630.91 |  618.00 |    3.00
    4 |16202.85 |18785.20 |  624.00 |    3.00
